5089.2
5113.299999999999
4961.8
4941.0
4946.6
4932.5
4934.3
4938.799999999999
4992.099999999999
4986.400000000001
4912.3
4832.299999999999
4830.9
4875.299999999999
4843.800000000001
4822.2
4859.3
4886.0
4816.699999999999
4820.5999999999985
4820.699999999999
4733.899999999999
4754.799999999999
4757.299999999998
4787.499999999999
4793.799999999999
4713.5999999999985
4716.9
4664.599999999999
4663.799999999999
4595.699999999998
4626.399999999998
4695.499999999998
4639.499999999998
4633.799999999998
4596.899999999999
4620.199999999999
4610.0999999999985
4561.299999999998
4623.699999999999
4591.799999999999
4570.199999999999
4555.299999999999
4594.599999999999
4577.899999999999
4558.599999999999
4536.599999999999
4589.899999999999
4517.099999999999
4588.199999999999
4552.799999999998
4517.9
4552.099999999999
4417.499999999999
4397.999999999998
4395.199999999999
4418.199999999999
4386.799999999998
4326.899999999998
4377.899999999999
4413.599999999998
4410.999999999997
4365.799999999999
4325.799999999998
4335.999999999999
4344.6
4342.599999999999
4333.299999999998
4354.299999999998
4375.499999999999
4325.5999999999985
4331.699999999998
4366.099999999999
4331.799999999998
4323.900000000001
4318.0
4304.599999999999
4266.799999999998
4265.0999999999985
4245.599999999999
4303.8
4255.7
4221.699999999999
4218.6
4278.699999999998
4147.700000000001
4127.2
4149.500000000001
4185.299999999999
4132.200000000001
4151.7
4125.200000000001
4164.8
4166.699999999999
4125.2
4149.799999999998
4131.299999999999
4146.300000000001
4186.5
4131.4
4062.599999999999
4093.2000000000007
4062.0000000000005
4066.3
4128.6
4095.2000000000007
4130.199999999999
4076.3999999999996
4043.7000000000007
4009.1000000000004
3989.5999999999995
3984.8999999999996
4005.7999999999993
3976.4999999999995
3897.4999999999995
3901.0999999999995
3967.9000000000005
3845.3
3885.8000000000006
3958.300000000001
3888.9999999999995
3919.5000000000005
3821.2
3889.1
3785.7999999999993
3815.9999999999995
3775.699999999999
3781.5999999999985
3816.099999999999
3788.5999999999985
3796.699999999999
3781.099999999999
3775.5999999999995
3882.9
3761.7999999999993
3800.199999999999
3828.899999999999
3740.7999999999997
3738.099999999999
3709.5999999999995
3797.700000000001
3751.9999999999995
3766.7000000000003
3726.000000000001
3771.0999999999995
3772.7999999999997
3766.5999999999985
3664.7000000000007
3728.2000000000007
3694.200000000001
3808.700000000001
3708.600000000001
3670.9000000000005
3673.1000000000004
3693.3000000000006
3631.8000000000006
3744.5000000000005
3663.899999999999
3610.4000000000005
3615.5999999999995
3610.2000000000016
3659.2000000000007
3678.1000000000017
3642.699999999999
3671.3000000000015
3714.800000000001
3577.300000000001
3608.700000000001
3589.700000000001
3578.4000000000005
3617.4
3623.900000000001
3591.3000000000006
3634.7000000000007
3631.2000000000003
3629.300000000001
3600.400000000001
3567.000000000001
3587.100000000001
3630.9
3573.1000000000004
3579.5000000000014
3540.2000000000003
3554.300000000001
3527.4
3585.1
3541.8
3667.7000000000003
3586.7000000000003
3610.7000000000007
3564.0999999999995
3609.600000000001
3587.1
3553.2000000000003
3498.7999999999997
3478.5000000000005
3454.5000000000005
3521.3
3499.5000000000005
3539.8
3509.4
3442.0000000000005
3544.3000000000006
3569.3
3497.0
3423.5000000000005
3452.5999999999995
3485.8999999999996
3490.2000000000003
3501.1999999999985
3455.6000000000004
3472.200000000001
3492.6000000000004
3439.8
3442.5
3459.2000000000007
3519.5000000000005
3420.7
3403.8
3472.999999999999
3401.6
3485.0
3429.999999999999
3409.1
3403.1000000000004
3390.3999999999996
3400.3
3399.5999999999995
3378.6
3358.8999999999996
3351.1000000000004
3482.9000000000005
3373.7999999999997
3358.1
3359.3000000000006
3400.100000000001
3341.4000000000005
3354.5000000000005
3471.2000000000007
3445.200000000001
3433.4000000000005
3387.3
3321.7000000000003
3312.099999999999
3339.8999999999987
3284.9
3321.9999999999995
3288.4
3274.6000000000004
3370.5000000000005
3300.7
3305.6
3316.5000000000005
3307.1000000000004
3335.2000000000003
3324.1000000000004
3296.4
3338.9000000000005
3371.8999999999987
3301.4
3285.5
3274.8
3351.9
3201.5999999999995
3258.8999999999996
3288.099999999999
3280.9
3232.2999999999993
3242.899999999999
3230.1999999999994
3216.4
3196.1999999999994
3221.3999999999987
3241.0000000000005
3312.6999999999994
3226.999999999999
3308.6999999999994
3201.099999999999
3262.2999999999997
3194.099999999999
3191.899999999999
3195.6999999999994
3196.4
3203.3999999999996
3247.8999999999987
3272.799999999999
3286.6999999999994
3170.299999999999
3168.5999999999995
3187.9
3247.7999999999997
3194.0
3245.099999999999
3200.899999999999
3161.3999999999987
3155.599999999999
3309.7999999999993
3116.3999999999996
3192.8999999999996
3097.5999999999995
3156.699999999999
3201.9
3064.599999999999
3103.699999999999
3069.8
3153.7999999999993
3137.999999999999
3093.899999999999
3088.0999999999995
3079.0999999999985
3124.8
3157.999999999999
3075.6999999999994
3206.0999999999995
3094.7999999999993
3143.899999999999
3130.7999999999993
3082.7999999999993
3168.6999999999994
3059.099999999999
3190.199999999999
3045.7
3051.4999999999986
3073.4999999999995
3076.3999999999983
3046.099999999999
3127.4
3111.7
3150.9
2999.9999999999995
3168.8999999999996
3023.0
3017.9999999999986
3080.5
2959.0999999999995
3001.1000000000004
3099.3
2983.5999999999995
3065.3
3030.5
3033.8
3009.9999999999995
3049.0999999999995
3029.099999999999
2974.3999999999983
2958.5999999999995
2913.2999999999997
2950.9999999999995
2922.1999999999994
2913.1
3063.6000000000004
2937.1
2883.9000000000005
2900.6
2872.7000000000003
2909.9
2927.2999999999997
2953.3
2933.9999999999986
2957.8
2999.8
2925.6999999999994
2938.6
2959.2999999999993
2916.6000000000004
2879.1
2919.6000000000004
2899.8
2880.2000000000003
3006.4
2977.3
2980.2999999999993
2894.4
2990.999999999999
2846.5000000000005
2821.7000000000003
2803.6
2789.2
2832.0
2850.4
2880.7999999999997
2815.6999999999994
2817.299999999999
2790.6
2932.2999999999997
2907.5999999999995
2790.2
2852.7999999999997
2832.6
2886.7999999999997
2827.9
2869.9
2824.2999999999997
2914.2
2846.7999999999997
2782.9999999999995
2829.0999999999995
2804.0999999999995
2780.0999999999995
2806.9999999999995
2774.9
2843.0000000000005
2799.6
2890.7999999999997
2830.7999999999997
2825.600000000001
2796.999999999999
2713.9
2718.7
2778.1
2754.2000000000003
2811.1
2774.9
2767.7999999999997
2773.6
2765.6000000000004
2763.4
2808.2000000000003
2764.4
2745.7000000000007
2722.9
2761.0000000000005
2729.6000000000004
2743.5
2800.1
2702.9
2829.2000000000003
2783.9
2741.699999999999
2749.2999999999997
2718.6
2790.2999999999997
2760.0
2744.9999999999995
2822.7999999999997
2724.5
2746.6
2768.9999999999995
2743.0000000000005
2736.0
2683.7999999999997
2695.6000000000004
2782.8999999999996
2678.3999999999996
2803.3999999999996
2721.7999999999997
2787.7999999999997
2805.6
2684.7999999999997
2697.7999999999997
2772.8999999999996
2718.0
2763.4999999999995
2785.1999999999994
2702.4000000000005
2667.6999999999994
2718.7999999999997
2706.7999999999997
2695.8999999999996
2766.7
2736.6
2678.8999999999996
2675.600000000001
2754.4999999999995
2672.3
2657.2999999999997
2753.4999999999995
2746.2000000000007
2701.5999999999995
2724.1000000000004
2723.8999999999996
2743.9
2649.7999999999993
2705.3999999999996
2705.2999999999997
2697.1999999999994
2775.3999999999996
2693.6999999999994
2615.7
2682.4999999999995
2641.2999999999997
2683.1
2684.5
2618.2
2638.4999999999995
2719.6999999999994
2736.7
2630.4
2695.9999999999995
2645.5
2619.7999999999997
2729.6
2604.0999999999995
2603.2999999999997
2640.3999999999996
2657.6
2638.7999999999997
2721.3999999999996
2638.399999999999
2695.9999999999995
2652.6
2630.7999999999997
2664.3999999999996
2640.6
2612.2999999999997
2713.2
2654.899999999999
2703.7999999999997
2580.3999999999996
2618.7999999999993
2634.2999999999993
2618.6999999999994
2536.6999999999994
2627.299999999999
2584.8
2575.9
2572.9
2621.099999999999
2549.8999999999996
2625.4999999999995
2623.1999999999994
2566.899999999999
2541.5
2644.1999999999994
2632.9999999999986
2573.099999999999
2525.6999999999994
2584.6
2575.399999999999
2591.2999999999997
2508.6999999999994
2618.1999999999994
2512.2999999999993
2642.6
2524.9999999999995
2578.7999999999993
2546.9999999999995
2488.1999999999994
2551.3999999999996
2580.6999999999994
2541.799999999999
2498.3999999999987
2548.899999999999
2535.7999999999993
2552.2999999999993
2512.4999999999995
2574.7999999999993
2501.8999999999987
2546.499999999999
2558.7
2586.999999999999
2490.5999999999995
2550.099999999999
2501.8999999999987
2451.4999999999995
2561.7999999999997
2547.7000000000003
2551.399999999999
2532.6999999999994
2619.9999999999995
2534.0
2523.399999999999
2540.9999999999995
2435.6
2556.1
2518.4
2477.2999999999997
2419.7
2339.0
2355.399999999999
2380.1999999999994
2367.5
2352.7
2403.7000000000003
2390.399999999999
2417.2999999999997
2342.4
2445.7000000000003
2374.8999999999996
2366.7
2419.4
2369.7999999999997
2341.8
2350.6000000000004
2336.899999999999
2335.0999999999995
2470.7999999999997
2483.8999999999996
2476.3999999999996
2411.7999999999997
2470.2999999999997
2332.8
2419.7000000000003
2337.2
2366.7999999999997
2472.6999999999994
2331.5
2377.4999999999995
2374.2999999999997
2367.2999999999993
2342.7
2443.8
2370.1
2390.5999999999995
2432.2000000000003
2344.7999999999997
2375.8
2428.4
2357.8999999999996
2397.6
2384.2000000000003
2410.7000000000003
2296.6
2324.1999999999994
2354.0999999999995
2399.0
2285.7
2448.2
2322.7
2285.7999999999997
2280.5
2338.2999999999993
2286.8
2387.1999999999994
2316.7999999999997
2296.0999999999995
2330.2999999999997
2411.5999999999995
2419.8999999999996
2290.9999999999995
2412.4
2372.8999999999996
2315.9999999999995
2380.4
2336.4999999999995
2375.7999999999997
2308.999999999999
2343.199999999999
2380.2999999999997
2325.099999999999
2308.1
2396.599999999999
2304.3999999999996
2303.7
2357.0999999999995
2299.2
2278.3999999999996
2364.899999999999
2359.0999999999995
2350.1
2364.4999999999995
2340.6999999999994
2413.999999999999
2389.1999999999994
2314.0999999999995
2268.9999999999995
2331.3
2380.299999999999
2308.6
2297.7
2352.9999999999995
2360.399999999999
2308.1
2348.599999999999
2358.2999999999997
2325.9999999999995
2263.5
2382.2999999999997
2334.7999999999997
2278.0
2346.0999999999995
2317.4
2280.5999999999995
2354.7999999999993
2252.8999999999996
2224.6000000000004
2242.5999999999995
2290.0000000000005
2244.2999999999997
2232.2999999999993
2346.5
2333.4
2259.5000000000005
2331.2999999999997
2322.499999999999
2235.1000000000004
2229.0
2220.1999999999994
2290.599999999999
2227.1999999999994
2316.699999999999
2279.5999999999995
2239.599999999999
2221.999999999999
2342.199999999999
2295.7999999999993
2242.399999999999
2219.499999999999
2303.799999999999
2278.699999999999
2299.7999999999997
2247.699999999999
2227.699999999999
2227.199999999999
2289.5999999999985
2314.3999999999983
2275.799999999999
2329.3999999999987
2271.2999999999993
2369.2999999999984
2366.899999999999
2218.199999999999
2266.499999999999
2222.699999999999
2330.299999999999
2358.899999999999
2362.6999999999994
2263.799999999999
2306.8999999999987
2253.899999999999
2229.7999999999993
2319.1999999999994
2250.8999999999987
2257.599999999999
2306.8999999999987
2259.7
2241.1999999999985
2299.6999999999985
2227.9999999999986
2276.299999999999
2261.1999999999985
2266.799999999999
2219.599999999999
2316.9999999999986
2327.2999999999993
2318.0999999999995
2220.9999999999995
2223.499999999999
2237.599999999999
2229.4999999999995
2242.6999999999985
2284.8999999999987
2268.099999999999
2246.299999999999
2293.799999999999
2256.4999999999986
2265.599999999999
2353.699999999999
2332.6999999999985
2284.3999999999983
2267.799999999999
2216.2999999999993
2290.2999999999997
2333.7999999999993
2341.2999999999993
2203.4
2355.0000000000005
2265.299999999999
2313.899999999999
2315.2999999999997
2229.8999999999987
2214.3999999999996
2255.0
2276.4000000000005
2212.9
2234.2000000000003
2271.2
2276.0
2245.7000000000003
2242.7999999999993
2260.5
2246.4
2207.7999999999997
2342.7000000000003
2256.8
2273.4999999999995
2237.499999999999
2281.4
2278.1
2268.7000000000003
2246.6
2203.3999999999996
2309.2000000000003
2311.8999999999996
2285.5999999999995
2350.7999999999993
2326.5999999999995
2240.399999999999
2346.0999999999995
2256.5000000000005
2278.999999999999
2251.1999999999994
2301.199999999999
2303.7999999999997
2263.4999999999995
2333.0999999999985
2234.0999999999995
2319.1999999999994
2288.699999999999
2273.5999999999995
2263.6999999999994
2266.3999999999996
2294.3999999999996
2261.8999999999996
2303.7999999999993
2244.3999999999996
2248.2000000000003
2219.0
2262.5
2348.0
2265.6
2203.3999999999996
2179.4999999999995
2269.0999999999995
2286.699999999999
2147.5000000000005
2134.4
2244.5000000000005
2261.2000000000003
2213.9999999999995
2204.6000000000004
2169.5
2223.1
2151.899999999999
2171.8
2148.7000000000003
2171.4
2230.999999999999
2212.9999999999995
2233.0
2212.9999999999995
2162.5
2148.9
2138.5999999999995
2242.9000000000005
2133.6000000000004
2194.3
2134.9999999999995
2160.2
2199.7999999999993
2186.4
2170.1999999999994
2176.0
2181.6999999999994
2180.2000000000007
2177.9
2201.2000000000003
2143.2000000000003
2164.1
2199.0
2155.3999999999996
2216.5000000000005
2142.2000000000007
2181.3999999999987
2211.2000000000003
2199.9000000000005
2246.6000000000004
2142.3
2174.0
2272.0
2196.5000000000005
2151.2
2133.6000000000004
2194.8999999999996
2167.2999999999993
2247.5999999999985
2229.3999999999987
2310.2999999999997
2216.5999999999995
2254.5
2243.5999999999995
2182.3
2199.2
2171.4999999999986
2134.7999999999993
2188.4000000000005
2152.6
2147.4
2302.4
2156.899999999999
2183.3
2258.7000000000003
2169.7999999999997
2237.9999999999986
2211.7
2203.8
2143.7000000000003
2219.2999999999993
2170.3
2169.7
2157.7000000000003
2151.0
2164.1999999999994
2187.8999999999996
2233.899999999999
2253.9000000000005
2189.4
2200.8
2171.8
2118.899999999999
2185.3999999999996
2196.799999999999
2218.4999999999995
2118.4999999999986
2173.699999999999
2235.1
2257.8999999999996
2119.1
2212.699999999999
2228.2
2113.6
2130.8999999999996
2214.2999999999997
2169.5999999999995
2212.3999999999996
2194.0
2208.0999999999995
2249.7
2130.6
2187.0
2224.3
2176.8999999999996
2203.2999999999993
2239.899999999999
2125.5999999999995
2163.4999999999995
2143.099999999999
2109.1
2207.299999999999
2186.9999999999995
2073.6
2157.1
2101.9
2086.899999999999
2099.4
2084.7
2099.8999999999996
2199.6
2131.9999999999995
2123.4999999999995
2089.6000000000004
2231.2
2095.1
2076.9
2110.5
2184.9999999999995
2108.0
2094.6999999999994
2119.4
2105.4
2160.8999999999996
2162.9
2245.1
2076.1999999999994
2073.7
2074.1
2031.3999999999999
2021.7
2095.1000000000004
2069.0
2131.0
2199.7
2096.5
2077.9
2113.2
2025.4
2022.6000000000001
2070.4
2081.3
2104.7000000000003
2022.1000000000001
2136.1
1997.0
2056.2
2043.7
2004.5
2075.3
2090.6
2082.4
2033.5
2010.5
2037.6999999999998
2044.4
2037.0
2080.9000000000005
2115.8
2084.1999999999994
2069.9
2076.8999999999996
1991.1000000000001
1999.5000000000002
2067.6000000000004
2075.3
2038.1999999999998
2072.9999999999995
2111.8999999999996
2029.3000000000006
2089.5000000000005
2119.999999999999
2045.6000000000001
2015.1
2107.1000000000004
2066.9000000000005
2055.1000000000004
2030.4000000000003
2048.3000000000006
2033.5000000000002
2071.5000000000005
2020.6000000000004
2039.3999999999996
2144.8
2022.4999999999993
2069.6000000000004
2010.3000000000004
1992.7
2050.7000000000003
1970.7
2046.1000000000006
2013.9
2012.0000000000002
2036.9000000000003
1980.7000000000003
2123.4999999999995
1983.3000000000002
2003.3
1997.0
1992.1
2033.6000000000006
1989.9
2074.7
2012.1
2018.4999999999998
2072.3
2074.0000000000005
1985.9999999999993
1983.6999999999998
2013.4999999999998
2043.1000000000004
2035.1000000000001
2124.3999999999996
2002.3000000000004
2033.3000000000004
1980.7
2010.7000000000003
2058.9
1978.1
2028.9
2011.0
2047.6000000000006
2051.3
2009.5
1977.5
2140.0
1989.5999999999997
1979.9
1974.6000000000004
1982.4999999999998
2009.5000000000002
2008.4000000000003
2119.6000000000004
2084.6
2030.5000000000002
2062.9000000000005
2033.8000000000002
2080.0000000000005
2112.0
2032.3
1967.2999999999997
1975.1999999999996
2016.8999999999999
1968.6999999999998
2123.8999999999996
2005.4999999999995
2094.7000000000007
2007.2999999999997
2053.2000000000003
2134.0999999999995
1994.0000000000002
2007.8999999999999
2067.3999999999996
2085.0
1978.5999999999997
2002.5999999999997
2057.8999999999996
2030.8999999999996
2015.6999999999996
2042.8999999999996
2054.4999999999995
2039.499999999999
2052.9999999999995
2064.0000000000005
1963.5999999999997
2025.4999999999995
2034.699999999999
2024.5000000000002
1986.2999999999997
1957.4
2007.6000000000001
2023.2
1970.9999999999998
1981.7
1980.8999999999999
1992.6000000000001
1956.6
1993.6999999999996
1973.3999999999999
2055.0
2035.8999999999996
1980.2999999999997
1957.7999999999997
1987.6000000000004
2083.1999999999994
1982.8000000000002
2072.0000000000005
1965.8
1963.8999999999999
1954.3999999999999
2054.6
2036.6000000000001
2083.2000000000003
2049.2000000000003
2010.7
2027.5999999999997
1971.8999999999999
2058.8
2026.0000000000002
2093.1000000000004
2027.6
2098.3
2001.3999999999996
2045.9
2045.1000000000004
1991.6999999999998
1947.1999999999998
1977.4999999999998
2067.7000000000003
2027.1000000000001
1996.8000000000002
1996.1999999999996
2035.0999999999997
1929.2
1984.5
2047.5000000000002
1958.7
2037.1999999999998
2081.6
1963.7
1965.0000000000002
1990.5
1945.1
2048.2000000000003
2058.8
1970.0000000000002
1998.8
1978.5
1971.5
1952.8000000000002
1965.9999999999998
2015.3000000000002
1931.6000000000001
2038.0
1965.2
1967.0
2006.6
1931.5
2089.2000000000003
1956.8
1911.5
1925.0
1970.6999999999998
1954.2
1897.3999999999999
1969.8000000000002
1896.1999999999998
2098.7999999999997
1986.7999999999995
1960.8999999999996
1926.8999999999999
2015.3999999999999
1934.3
1903.6999999999994
1923.8999999999996
2007.4999999999993
1976.0999999999997
1960.0999999999997
1911.8999999999996
1985.6
1938.1999999999996
1991.4999999999998
1889.6
1952.0
1916.7999999999997
1914.1999999999991
1919.3999999999999
2009.8999999999996
2066.8999999999996
1999.0
1888.4
1984.1999999999996
1942.3
1980.7000000000003
1994.0
1884.2999999999997
2013.9999999999995
1963.5999999999997
1991.2999999999997
1898.4999999999998
1967.7999999999997
1894.6999999999998
2002.5999999999995
1938.2999999999995
1908.2999999999995
1987.4999999999998
1898.2999999999997
1992.6999999999994
1891.7999999999997
1948.7999999999995
1951.8999999999996
1914.3999999999994
1882.8999999999994
1894.1999999999994
1926.0999999999992
1946.1999999999996
2059.5999999999995
2002.0999999999995
1953.2999999999995
1897.6999999999996
1996.5999999999995
1914.2999999999997
1906.8999999999996
1909.7999999999995
1929.3999999999992
1978.2
1954.6999999999994
1921.1999999999991
1945.4999999999995
1992.6
1955.7999999999997
2013.6999999999996
1921.8
2012.3999999999999
1903.9999999999993
1952.7999999999993
1897.4999999999993
1923.2999999999993
1970.2999999999995
1930.8
2012.1000000000001
1935.1999999999998
2028.5999999999995
1964.4000000000003
1960.7999999999993
1919.6000000000001
1942.1999999999994
2025.9
1910.999999999999
1936.3999999999992
1967.9999999999995
1915.9999999999995
1921.3999999999994
1973.4999999999993
1977.6999999999996
1930.3999999999996
1977.2999999999993
1906.6999999999994
1893.8999999999994
1915.1999999999994
2003.3
1890.3999999999994
1883.9999999999993
2043.8999999999992
1887.1999999999991
1892.3999999999994
1936.6000000000001
1990.4
1974.5999999999995
1893.5999999999995
1944.5999999999997
1998.8999999999996
1944.8999999999994
1881.3999999999994
1919.3999999999994
1914.6999999999996
1881.4999999999993
1890.4999999999993
2006.0999999999997
1950.1999999999994
1928.7999999999993
2045.1999999999994
1905.7999999999993
1890.9999999999995
1896.4999999999995
1940.6999999999994
1898.6999999999996
1949.7999999999995
1966.7999999999995
1965.9999999999995
1984.2000000000003
1907.5999999999992
1904.7999999999993
2011.8999999999999
2002.7999999999995
1981.2
1977.7999999999997
1984.8999999999992
1927.7999999999993
1961.8999999999999
1905.8999999999999
2002.6000000000001
1915.2
1992.9
1920.8999999999994
1947.6999999999994
2062.6999999999994
2007.1
2019.9999999999995
1963.7999999999993
1886.1999999999994
2031.1999999999996
1905.2999999999995
1906.8999999999999
1910.5999999999995
2060.2999999999997
1919.4999999999995
1973.6999999999994
2000.3999999999994
1900.4999999999995
1868.7999999999993
1868.4999999999995
1895.2999999999993
1927.3999999999994
1923.2999999999997
1893.8000000000002
1886.1999999999994
1980.3999999999994
1891.0999999999992
1925.4999999999995
1901.2999999999995
1957.4999999999998
1913.9999999999993
1948.3999999999994
1883.7999999999993
1942.1999999999994
1924.4999999999993
1892.8999999999996
1901.8999999999996
1997.5000000000005
1952.1999999999996
1878.5999999999995
1884.9999999999993
1933.0999999999992
1975.1999999999998
1866.1999999999994
1862.5999999999995
1920.8999999999996
1989.4
1928.7
2056.7000000000003
1879.9999999999995
1919.8999999999994
1958.8
1880.1999999999994
1899.6999999999994
2034.9
1895.3999999999996
2013.8000000000004
1898.6999999999994
1892.3999999999999
1868.9999999999993
1978.7999999999997
1988.1999999999998
1905.0999999999995
1862.8
1944.2999999999997
1915.5999999999995
1879.1000000000001
1981.1
1957.4000000000003
1918.2999999999995
1955.8
1891.1999999999994
1874.7000000000005
1914.2999999999995
1854.0999999999995
2020.9
1922.7999999999995
1869.6999999999996
1910.9999999999995
1949.2999999999997
1963.0999999999995
1889.5
1888.2999999999995
1919.6999999999994
1970.1000000000001
1937.6000000000001
1906.3999999999996
1890.8999999999994
1913.5999999999997
1908.6999999999994
1921.1999999999996
1874.4
1976.5000000000002
2016.4
1974.4999999999995
1962.9999999999995
1936.6999999999994
1893.4999999999995
1905.7999999999995
1914.2
1938.8999999999996
1926.9999999999995
1983.6999999999996
1959.8999999999996
1845.3999999999994
1999.1000000000004
1902.2999999999995
1876.7999999999995
2005.4
2017.1999999999994
1950.2999999999995
1937.1999999999996
1898.5
1978.2000000000003
1921.2
1844.5999999999992
1851.1999999999994
1856.2000000000007
1885.0000000000007
1872.6999999999991
1925.8999999999996
1874.9
1909.7999999999995
1893.7999999999993
1893.7999999999993
1875.6000000000001
1985.6
1878.6999999999994
1841.8999999999992
1937.2999999999995
2007.5
1885.6999999999994
2025.7999999999997
1843.2999999999993
1849.6000000000001
1833.8
1863.1999999999996
1937.5999999999997
1869.1
1935.3
1864.1999999999998
1910.1999999999994
1860.5000000000002
1830.6
1969.2999999999997
1960.1
1870.3999999999999
1837.0999999999997
1887.999999999999
2005.5
1887.999999999999
1867.5999999999995
1914.6
1905.5
1871.4
1855.8
1866.0
1892.6999999999996
1896.3999999999999
1873.3999999999999
1920.1999999999998
1884.5
1918.8999999999992
1865.7999999999995
1904.8999999999994
1833.7999999999997
1864.5999999999997
1852.6999999999998
1866.5999999999997
1968.5
1861.8
1882.6999999999998
1941.0999999999997
1899.8999999999992
1942.1
1863.6
1819.3999999999996
1831.1999999999998
1838.6999999999996
1835.8999999999996
1847.6999999999996
1855.1000000000001
1843.3999999999994
1931.3
1908.4999999999995
1829.7999999999997
1838.8999999999996
1831.5999999999997
1933.0999999999992
1842.2999999999997
1883.4999999999998
1859.7999999999997
1840.0999999999997
1888.8999999999994
1915.8999999999994
1845.5
1870.8999999999994
1828.1999999999996
1849.5999999999995
1932.1999999999996
1896.6999999999994
1886.0999999999992
1955.299999999999
1887.1999999999998
1902.8999999999996
1885.6
1940.5999999999997
1942.9999999999998
1898.1999999999998
1860.0999999999997
1871.8999999999994
1847.7999999999995
1922.9
1876.7999999999995
1858.9999999999995
1917.5999999999995
1847.3999999999996
1909.2999999999997
1823.3999999999996
1859.8999999999994
1835.3999999999999
1858.6999999999994
1857.5999999999995
1819.3999999999996
1835.8999999999996
1914.9999999999995
1848.9999999999995
1829.1999999999996
1855.6999999999996
1838.4999999999998
1955.2000000000003
1918.6999999999998
1907.8999999999996
1864.0999999999997
1927.6999999999994
1887.4999999999995
1849.9999999999995
1939.6999999999994
1877.3999999999994
1931.7000000000003
1834.7999999999995
1904.3999999999996
1898.9999999999995
1937.0999999999995
1978.599999999999
1955.2
1878.7999999999995
1850.5
1882.2999999999997
1867.5999999999992
1941.4999999999993
1844.9999999999995
1949.0999999999992
1843.4999999999995
1846.0999999999997
1925.5999999999997
1960.1999999999994
1874.9999999999998
1956.4999999999995
1953.2999999999997
1895.1999999999996
1942.1999999999996
1838.0999999999997
1832.6999999999998
1862.7999999999995
1853.9999999999998
1851.6999999999998
1871.8999999999996
1866.0999999999995
1924.6999999999998
2003.2999999999997
1868.0999999999997
1833.4999999999995
1834.3999999999996
1903.7
1820.699999999999
1888.1999999999998
